1974 1 901
1974 2 689
1974 3 827
1974 4 677
1974 5 522
1974 6 406
1974 7 441
1974 8 393
1974 9 387
1974 10 582
1974 11 578
1974 12 666
1975 1 830
1975 2 752
1975 3 785
1975 4 664
1975 5 467
1975 6 438
1975 7 421
1975 8 412
1975 9 343
1975 10 440
1975 11 531
1975 12 771
1976 1 767
1976 2 1141
1976 3 896
1976 4 532
1976 5 447
1976 6 420
1976 7 376
1976 8 330
1976 9 357
1976 10 445
1976 11 546
1976 12 764
1977 1 862
1977 2 660
1977 3 663
1977 4 643
1977 5 502
1977 6 392
1977 7 411
1977 8 348
1977 9 387
1977 10 385
1977 11 411
1977 12 638
1978 1 796
1978 2 853
1978 3 737
1978 4 546
1978 5 530
1978 6 446
1978 7 431
1978 8 362
1978 9 387
1978 10 430
1978 11 425
1978 12 679
1979 1 821
1979 2 785
1979 3 727
1979 4 612
1979 5 478
1979 6 429
1979 7 405
1979 8 379
1979 9 393
1979 10 411
1979 11 487
1979 12 574
