1974 1 2134
1974 2 1863
1974 3 1877
1974 4 1877
1974 5 1492
1974 6 1249
1974 7 1280
1974 8 1131
1974 9 1209
1974 10 1492
1974 11 1621
1974 12 1846
1975 1 2103
1975 2 2137
1975 3 2153
1975 4 1833
1975 5 1403
1975 6 1288
1975 7 1186
1975 8 1133
1975 9 1053
1975 10 1347
1975 11 1545
1975 12 2066
1976 1 2020
1976 2 2750
1976 3 2283
1976 4 1479
1976 5 1189
1976 6 1160
1976 7 1113
1976 8 970
1976 9 999
1976 10 1208
1976 11 1467
1976 12 2059
1977 1 2240
1977 2 1634
1977 3 1722
1977 4 1801
1977 5 1246
1977 6 1162
1977 7 1087
1977 8 1013
1977 9 959
1977 10 1179
1977 11 1229
1977 12 1655
1978 1 2019
1978 2 2284
1978 3 1942
1978 4 1423
1978 5 1340
1978 6 1187
1978 7 1098
1978 8 1004
1978 9 970
1978 10 1140
1978 11 1110
1978 12 1812
1979 1 2263
1979 2 1820
1979 3 1846
1979 4 1531
1979 5 1215
1979 6 1075
1979 7 1056
1979 8 975
1979 9 940
1979 10 1081
1979 11 1294
1979 12 1341
